2 0.886
3 0.87
4 0.876
5 0.893
6 0.868
7 0.884
8 0.848
9 0.85
10 0.82
11 0.835
12 0.822
13 0.797
14 0.772
15 0.821
16 0.787
17 0.758
18 0.772
19 0.761
20 0.764
21 0.728
22 0.742
23 0.755
24 0.755
25 0.741
26 0.733
27 0.719
28 0.725
29 0.738
30 0.695
31 0.705
32 0.723
33 0.695
34 0.684
35 0.717
36 0.687
37 0.712
38 0.681
39 0.679
40 0.686
41 0.648
42 0.652
43 0.678
44 0.658
45 0.64
46 0.653
47 0.631
48 0.663
49 0.656
50 0.649
51 0.641
52 0.634
53 0.639
54 0.613
55 0.644
56 0.633
57 0.642
58 0.63
59 0.606
60 0.626
61 0.601
62 0.619
63 0.617
64 0.618
65 0.596
66 0.58
67 0.615
68 0.587
69 0.612
70 0.584
71 0.591
72 0.583
73 0.605
74 0.587
75 0.553
76 0.571
77 0.598
78 0.593
79 0.579
80 0.565
81 0.587
82 0.581
83 0.582
84 0.577
85 0.575
86 0.599
87 0.579
88 0.563
89 0.577
90 0.538
91 0.584
92 0.606
93 0.554
94 0.563
95 0.549
96 0.542
97 0.532
98 0.547
99 0.557
100 0.549
101 0.548
102 0.526
103 0.532
104 0.545
105 0.549
106 0.498
107 0.556
108 0.553
109 0.539
110 0.522
111 0.531
112 0.55
113 0.516
114 0.553
115 0.507
116 0.519
117 0.539
118 0.509
119 0.522
120 0.497
121 0.523
122 0.511
123 0.505
124 0.532
125 0.489
126 0.521
127 0.516
128 0.499
129 0.515
130 0.531
131 0.506
132 0.478
133 0.522
134 0.508
135 0.503
136 0.516
137 0.498
138 0.492
139 0.518
140 0.47
141 0.5
142 0.515
143 0.507
144 0.529
145 0.508
146 0.496
147 0.483
148 0.476
149 0.501
150 0.521
151 0.485
152 0.481
153 0.51
154 0.495
155 0.504
156 0.466
157 0.473
158 0.485
159 0.494
160 0.463
161 0.495
162 0.476
163 0.497
164 0.467
165 0.463
166 0.458
167 0.47
168 0.506
169 0.493
170 0.468
171 0.453
172 0.502
173 0.488
174 0.481
175 0.482
176 0.471
177 0.463
178 0.471
179 0.463
180 0.473
181 0.47
182 0.48
183 0.467
184 0.478
185 0.473
186 0.46
187 0.443
188 0.485
189 0.488
190 0.479
191 0.447
192 0.462
193 0.447
194 0.459
195 0.45
196 0.475
197 0.447
198 0.435
199 0.482
200 0.457
201 0.435
202 0.464
203 0.46
204 0.456
205 0.445
206 0.438
207 0.432
208 0.419
209 0.426
210 0.462
211 0.472
212 0.428
213 0.443
214 0.434
215 0.439
216 0.429
217 0.433
218 0.427
219 0.424
220 0.465
221 0.425
222 0.457
223 0.425
224 0.422
225 0.432
226 0.45
227 0.415
228 0.42
229 0.446
230 0.458
231 0.441
232 0.434
233 0.417
234 0.447
235 0.43
236 0.427
237 0.429
238 0.427
239 0.441
240 0.438
241 0.405
242 0.431
243 0.415
244 0.413
245 0.441
246 0.418
247 0.441
248 0.416
249 0.399
250 0.42
251 0.444
252 0.438
253 0.428
254 0.427
255 0.407
256 0.425
257 0.428
258 0.422
259 0.395
260 0.418
261 0.448
262 0.409
263 0.422
264 0.421
265 0.418
266 0.399
267 0.399
268 0.424
269 0.425
270 0.408
271 0.422
272 0.424
273 0.401
274 0.42
275 0.406
276 0.436
277 0.427
278 0.416
279 0.405
280 0.413
281 0.422
282 0.383
283 0.388
284 0.391
285 0.415
286 0.384
287 0.402
288 0.393
289 0.374
290 0.397
291 0.416
292 0.4
293 0.407
294 0.388
295 0.402
296 0.416
297 0.411
298 0.382
299 0.418
300 0.406
301 0.406
302 0.387
303 0.384
304 0.402
305 0.393
306 0.369
307 0.4
308 0.435
309 0.386
310 0.37
311 0.424
312 0.402
313 0.425
314 0.408
315 0.418
316 0.382
317 0.406
318 0.397
319 0.419
320 0.389
321 0.384
322 0.38
323 0.374
324 0.376
325 0.347
326 0.415
327 0.371
328 0.383
329 0.375
330 0.378
331 0.397
332 0.373
333 0.404
334 0.411
335 0.393
336 0.389
337 0.387
338 0.37
339 0.373
340 0.372
341 0.353
342 0.35
343 0.382
344 0.387
345 0.379
346 0.369
347 0.37
348 0.377
349 0.358
350 0.401
351 0.382
352 0.395
353 0.377
354 0.406
355 0.377
356 0.386
357 0.397
358 0.358
359 0.387
360 0.361
361 0.369
362 0.379
363 0.379
364 0.364
365 0.384
366 0.351
367 0.33
368 0.375
369 0.369
370 0.379
371 0.402
372 0.382
373 0.397
374 0.379
375 0.344
376 0.383
377 0.37
378 0.376
379 0.387
380 0.378
381 0.389
382 0.354
383 0.364
384 0.374
385 0.357
386 0.378
387 0.37
388 0.343
389 0.351
390 0.374
391 0.376
392 0.352
393 0.356
394 0.366
395 0.384
396 0.359
397 0.397
398 0.369
399 0.327
400 0.37
401 0.385
402 0.365
403 0.371
404 0.345
405 0.363
406 0.364
407 0.365
408 0.369
409 0.354
410 0.357
411 0.383
412 0.371
413 0.372
414 0.379
415 0.364
416 0.376
417 0.359
418 0.361
419 0.368
420 0.341
421 0.36
422 0.363
423 0.333
424 0.363
425 0.356
426 0.356
427 0.381
428 0.375
429 0.352
430 0.363
431 0.344
432 0.343
433 0.353
434 0.333
435 0.344
436 0.32
437 0.34
438 0.386
439 0.369
440 0.345
441 0.358
442 0.363
443 0.344
444 0.348
445 0.345
446 0.358
447 0.347
448 0.355
449 0.353
450 0.349
451 0.334
452 0.371
453 0.353
454 0.346
455 0.37
456 0.35
457 0.369
458 0.345
459 0.356
460 0.354
461 0.343
462 0.352
463 0.368
464 0.344
465 0.347
466 0.338
467 0.351
468 0.334
469 0.34
470 0.395
471 0.331
472 0.365
473 0.341
474 0.37
475 0.34
476 0.331
477 0.353
478 0.317
479 0.334
480 0.369
481 0.336
482 0.347
483 0.354
484 0.335
485 0.357
486 0.339
487 0.355
488 0.353
489 0.355
490 0.346
491 0.321
492 0.335
493 0.359
494 0.354
495 0.358
496 0.345
497 0.318
498 0.332
499 0.334
500 0.324
501 0.341
502 0.334
503 0.316
504 0.329
505 0.347
506 0.354
507 0.313
508 0.33
509 0.348
510 0.331
511 0.337
512 0.301
513 0.342
514 0.311
515 0.288
516 0.354
517 0.37
518 0.33
519 0.351
520 0.344
521 0.341
522 0.359
523 0.308
524 0.347
525 0.342
526 0.336
527 0.316
528 0.361
529 0.332
530 0.338
531 0.327
532 0.355
533 0.334
534 0.321
535 0.33
536 0.336
537 0.323
538 0.316
539 0.338
540 0.347
541 0.348
542 0.336
543 0.335
544 0.312
545 0.316
546 0.312
547 0.316
548 0.341
549 0.299
550 0.341
551 0.336
552 0.35
553 0.323
554 0.34
555 0.305
556 0.325
557 0.295
558 0.334
559 0.319
560 0.337
561 0.33
562 0.321
563 0.318
564 0.316
565 0.344
566 0.323
567 0.324
568 0.372
569 0.334
570 0.311
571 0.345
572 0.323
573 0.333
574 0.291
575 0.341
576 0.343
577 0.316
578 0.321
579 0.316
580 0.303
581 0.301
582 0.326
583 0.328
584 0.308
585 0.319
586 0.327
587 0.331
588 0.302
589 0.301
590 0.355
591 0.304
592 0.325
593 0.323
594 0.309
595 0.305
596 0.308
597 0.328
598 0.322
599 0.331
600 0.305
601 0.308
602 0.336
603 0.337
604 0.33
605 0.332
606 0.313
607 0.299
608 0.315
609 0.283
610 0.322
611 0.299
612 0.322
613 0.319
614 0.33
615 0.314
616 0.323
617 0.317
618 0.315
619 0.296
620 0.33
621 0.328
622 0.325
623 0.307
624 0.292
625 0.305
626 0.312
627 0.295
628 0.342
629 0.309
630 0.307
631 0.307
632 0.321
633 0.31
634 0.324
635 0.315
636 0.318
637 0.303
638 0.327
639 0.316
640 0.306
641 0.325
642 0.3
643 0.28
644 0.288
645 0.309
646 0.28
647 0.304
648 0.311
649 0.296
650 0.32
651 0.303
652 0.3
653 0.325
654 0.321
655 0.323
656 0.316
657 0.329
658 0.302
659 0.288
660 0.276
661 0.305
662 0.306
663 0.288
664 0.298
665 0.291
666 0.293
667 0.291
668 0.298
669 0.312
670 0.326
671 0.295
672 0.319
673 0.329
674 0.29
675 0.32
676 0.321
677 0.313
678 0.303
679 0.32
680 0.328
681 0.293
682 0.318
683 0.304
684 0.314
685 0.32
686 0.3
687 0.318
688 0.306
689 0.322
690 0.289
691 0.292
692 0.299
693 0.315
694 0.306
695 0.327
696 0.302
697 0.284
698 0.291
699 0.305
700 0.293
701 0.288
702 0.302
703 0.311
704 0.311
705 0.298
706 0.297
707 0.27
708 0.29
709 0.304
710 0.292
711 0.314
712 0.295
713 0.317
714 0.3
715 0.289
716 0.291
717 0.282
718 0.278
719 0.299
720 0.29
721 0.318
722 0.302
723 0.288
724 0.277
725 0.277
726 0.311
727 0.292
728 0.315
729 0.292
730 0.309
731 0.297
732 0.308
733 0.28
734 0.304
735 0.303
736 0.277
737 0.297
738 0.281
739 0.309
740 0.274
741 0.297
742 0.306
743 0.317
744 0.285
745 0.322
746 0.302
747 0.295
748 0.272
749 0.295
750 0.287
751 0.294
752 0.305
753 0.304
754 0.313
755 0.304
756 0.288
757 0.304
758 0.287
759 0.319
760 0.294
761 0.303
762 0.277
763 0.284
764 0.303
765 0.28
766 0.272
767 0.305
768 0.292
769 0.306
770 0.301
771 0.302
772 0.295
773 0.303
774 0.294
775 0.29
776 0.312
777 0.29
778 0.277
779 0.29
780 0.279
781 0.32
782 0.295
783 0.308
784 0.282
785 0.268
786 0.299
787 0.302
788 0.278
789 0.283
790 0.298
791 0.302
792 0.302
793 0.299
794 0.278
795 0.296
796 0.275
797 0.283
798 0.29
799 0.288
800 0.259
801 0.289
802 0.307
803 0.3
804 0.291
805 0.305
806 0.278
807 0.293
808 0.295
809 0.293
810 0.306
811 0.267
812 0.289
813 0.266
814 0.251
815 0.293
816 0.291
817 0.271
818 0.29
819 0.303
820 0.304
821 0.3
822 0.316
823 0.287
824 0.285
825 0.298
826 0.281
827 0.266
828 0.295
829 0.283
830 0.271
831 0.252
832 0.286
833 0.292
834 0.278
835 0.278
836 0.292
837 0.292
838 0.3
839 0.311
840 0.291
841 0.268
842 0.273
843 0.297
844 0.289
845 0.276
846 0.243
847 0.304
848 0.272
849 0.259
850 0.28
851 0.291
852 0.263
853 0.278
854 0.273
855 0.274
856 0.289
857 0.283
858 0.274
859 0.288
860 0.277
861 0.259
862 0.294
863 0.29
864 0.297
865 0.312
866 0.295
867 0.256
868 0.257
869 0.288
870 0.281
871 0.276
872 0.285
873 0.294
874 0.288
875 0.286
876 0.264
877 0.276
878 0.258
879 0.283
880 0.263
881 0.28
882 0.259
883 0.275
884 0.273
885 0.279
886 0.287
887 0.305
888 0.267